 1.00000000e+00 3.45718744e+00
 1.00000000e+00 4.19609305e+00
 1.00000000e+00 4.93499866e+00
 1.00000000e+00 5.67390427e+00
 1.00000000e+00 6.41280988e+00
 1.00000000e+00 7.15171549e+00
 1.00000000e+00 7.89062110e+00
 1.00000000e+00 8.62952671e+00
 1.00000000e+00 9.36843232e+00
 1.00000000e+00 1.01073379e+01
 1.00000000e+00 1.08462435e+01
 1.00000000e+00 1.15851491e+01
 1.00000000e+00 1.23240548e+01
 1.00000000e+00 1.30629604e+01
 1.00000000e+00 1.38018660e+01
 1.00000000e+00 1.45407716e+01
 1.00000000e+00 1.52796772e+01
 1.00000000e+00 1.60185828e+01
 1.00000000e+00 1.67574884e+01
 1.00000000e+00 1.74963940e+01
